16406
14317
30913
27434
31127
22558
25226
19785
29608
21344
29049
11474
33972
30254
14664
29575
30546
7089
501
16438
17682
14310
2097
25383
27954
4746
13691
28571
20608
18226
33385
29552
5856
26215
12297
20478
11431
22970
13582
10351
18406
6278
14751
14129
8650
12619
7676
19130
38
31859
6572
33952
11160
24935
33834
29237
3827
22303
31434
12653
19686
27832
3770
9160
13025
24108
1104
18869
9135
13502
9061
903
596
15467
6960
19213
14419
2438
33623
6924
24627
1017
144
29156
33082
25555
30386
303
53
30609
6493
22306
18586
18570
14926
23852
21051
3283
11532
31902
32783
23985
31334
3168
4023
30052
18304
9965
14908
32095
27191
23275
28145
22380
31360
28470
26181
8454
15316
30922
18811
32477
22177
31668
223
24291
4183
25761
14875
3772
32597
8557
31001
33478
2733
27639
29313
32695
16232
335
4483
3870
17383
24198
13502
14171
16539
16728
19717
13461
29624
11445
16283
24973
21714
33444
22939
23174
33225
33524
9410
11650
29036
22040
25808
29535
8332
13939
26869
25391
17623
10005
18586
1219
4742
33392
25113
5519
13682
8171
2253
27514
27978
2082
3636
28129
17881
6110
1149
15342
16919
1205
3692
23166
1862
20255
2666
2771
27678
13773
9434
16424
4624
29524
27727
29868
4822
9783
22259
33159
4730
4897
27870
25094
32215
2338
20968
21863
21101
28705
29459
23819
18817
24844
30240
4477
15506
2695
17124
24167
22599
3904
15936
26618
12517
2627
11528
34142
4644
30002
30015
31067
23010
20462
27471
32221
21951
30959
29970
34342
15674
5514
13685
19487
32555
975
14313
5024
21273
4494
29875
28836
6796
16387
11457
14989
27427
33569
34268
23211
16988
10037
18428
5848
30374
5722
7195
31773
15281
22329
16878
18279
10624
32965
12519
31978
30690
34020
22030
30790
5571
14240
15019
30213
30441
15021
20646
19116
31037
11013
6278
27463
32198
33858
6396
11244
17946
144
8275
29462
27612
11677
28995
28347
28625
13993
652
29123
7441
17613
17885
3006
21055
34236
17069
4979
5152
28632
904
30474
21676
8959
4208
27056
29016
11057
26854
19655
32250
9523
28558
20803
26438
23537
28289
17686
17732
20026
20365
2987
33275
8664
25087
22801
33469
14487
33908
21057
24249
17141
16806
17462
27044
29128
33139
32857
4845
19903
15270
16577
12310
26282
27626
14397
25635
33154
8190
5345
13104
19711
18236
28711
15244
550
16133
23866
24883
15945
20901
32493
1803
17458
8094
18981
34251
15737
7453
757
24116
31300
31272
27396
811
16058
15643
6717
4787
19006
31616
26852
2370
10243
14852
22857
4490
5069
30544
11063
30454
3776
24905
20846
33977
31823
26280
20857
15459
33230
15033
17848
1269
25671
19574
13909
29294
4082
2015
22684
21129
17313
19392
23836
17865
28373
581
19211
12510
34130
30803
26430
30242
31098
24264
24533
24620
28940
5743
22352
19914
25277
21305
27341
16940
