6812
8431
12379
2245
20000
12115
11115
16442
28362
24187
20984
21350
31510
23638
8325
1818
14335
2085
25756
19813
12170
9902
12215
31870
25146
15988
27933
3263
22192
7926
19633
15333
25824
1665
2939
16990
6465
27097
33893
32593
11348
25348
12458
10193
20627
24410
5738
25359
31978
12875
8449
33027
20742
34265
15311
3911
26653
26346
29305
1126
1304
29257
4329
17124
18433
26922
2715
3856
31436
12503
33511
18492
32454
6465
18988
7552
27724
14521
23936
5119
3608
33893
27343
27865
4425
25905
15566
7013
2099
20008
32063
4039
30440
31978
8449
7716
16705
12528
6542
25146
14206
23770
24101
6531
33258
2900
1010
28759
7820
24715
26248
27614
5912
27915
11246
21680
17914
31714
10193
30793
29994
23418
16602
29650
28422
4583
29750
2679
31042
10004
25280
13796
1311
16428
23630
29360
24721
15769
8882
7662
287
17292
27724
18466
7716
20654
22332
12304
5158
30559
12781
6531
13116
10433
21682
19112
22517
25898
20520
23855
21118
27355
23993
28175
1672
16673
16484
33498
30233
7848
2099
6269
25755
30307
32593
16691
28448
2172
13796
16487
23204
30793
12170
27895
15158
4573
2679
12458
13607
19538
13534
16431
17985
16398
32391
7471
2903
28525
8116
20984
8923
512
28865
2945
15311
8431
1172
27933
9946
29764
29360
32485
20520
29354
34164
6542
3374
9316
2946
16738
2492
23793
1434
21350
22817
18632
2492
15490
15158
5650
3564
15669
29788
23131
25215
16990
6135
26068
7402
5656
14469
31776
6860
15769
10433
18437
23066
18497
7684
27130
7997
23526
8325
22370
24355
4641
7716
20491
2122
4136
18601
7874
25198
4256
22817
23388
12215
3555
25520
30615
2900
15520
15611
16007
16471
22177
24129
2715
6783
11138
12710
7340
17855
29257
20822
25280
75
30535
32063
9911
13619
27097
14656
2122
23211
17903
11348
31395
16719
31656
30381
4449
27113
24101
21166
4039
23418
7121
32095
8443
23418
26489
11115
7330
1698
22433
22517
5835
29863
6564
15412
29999
6783
13534
1360
23066
16424
3374
33027
15769
16620
22697
20984
28173
11866
14335
28448
18492
12295
31436
7997
6093
25898
3555
5521
18988
27019
20531
32463
33161
28749
30500
15240
11770
5054
26973
2903
21949
14335
28938
30500
13765
4147
6531
2715
1818
31335
16675
24524
8558
16673
27845
22234
5650
2283
24272
24524
4641
25359
12458
4724
25755
25143
16486
17985
13791
11458
33511
29431
7684
5158
34334
28929
21189
6075
30976
3716
23526
16503
16073
20654
12775
24368
20775
13976
4724
7069
23658
1172
5119
17557
27724
25348
30739
12937
10787
29752
3364
20742
15252
24129
5235
23855
16261
12528
16675
14521
31023
19538
